KIC
000892376
001025986
001026146
001027900
001294756
001430163
001435467
001718222
001720554
001724096
001725815
001866174
002010607
002021060
002140360
002162283
002283682
002300319
002305819
002308753
002309595
002423662
002437965
002439798
002448426
002450729
002557302
002557430
002571868
002571934
002694337
002709654
002720016
002832099
002836038
002837133
002837475
002849125
002849148
002852862
002853780
002865774
002987027
002987660
002988144
002991448
002991548
002992956
002992960
002998253
003003992
003096409
003096453
003102230
003112152
003112889
003113630
003115178
003115398
003115435
003121024
003123191
003128488
003128706
003130861
003215845
003219256
003221671
003223000
003231341
003232231
003236382
003241299
003241581
003329136
003329196
003340161
003340530
003344897
003347643
003424493
003424541
003425564
003427720
003429205
003430868
003430893
003437637
003438363
003438633
003448365
003455074
003456181
003459226
003527862
003534307
003534580
003545753
003547794
003630240
003632418
003633847
003633889
003640905
003640986
003641130
003642422
003643774
003643799
003644223
003646831
003656476
003657002
003657793
003661135
003730801
003733735
003735871
003744043
003744213
003750375
003757594
003761840
003764597
003838231
003847138
003854781
003863731
003864237
003868442
003937717
003938178
003942392
003942719
003946190
003952307
003952580
003967430
003967859
003973928
004038445
004043389
004048716
004049576
004060815
004064447
004072740
004140552
004141210
004142913
004143723
004144576
004147444
004159693
004160772
004165030
004173599
004177670
004242575
004243623
004247542
004252818
004255487
004265107
004273156
004276716
004284968
004346201
004347652
004348906
004350042
004351319
004365645
004366445
004370718
004370956
004371625
004378838
004386086
004446135
004446300
004450844
004457351
004458109
004458172
004459448
004465324
004465529
004484020
004484238
004484251
004484252
004543171
004554810
004554830
004563261
004565752
004567525
004571351
004571402
004571904
004574610
004577484
004581434
004585976
004586099
004638884
004641621
004646780
004661914
004671313
004672403
004677247
004739932
004740598
004749989
004755204
004755621
004756112
004756244
004756335
004814309
004815520
004816098
004818131
004821781
004826151
004831454
004832077
004832197
004839729
004840675
004841753
004842204
004842436
004846457
004859338
004912474
004913049
004914923
004915148
004916450
004918355
004919954
004921578
004931389
004931390
004931743
004935189
004947253
004989057
004994971
005002361
005015454
005021689
005033245
005079114
005079951
005084157
005095159
005095232
005095850
005097629
005098483
005105797
005110280
005110725
005121511
005123097
005130005
005130729
005184211
005184732
005200084
005200778
005201952
005214711
005215508
005217805
005253542
005256372
005263545
005265656
005299306
005309966
005344612
005344699
005353186
005364177
005364296
005371516
005385304
005390438
005429911
005431016
005431807
005435628
005435680
005442451
005450439
005450445
005450503
005456397
005468089
005475431
005512589
005515314
005516982
005523099
005530375
005534059
005542466
005543462
005596656
005603483
005607242
005611371
005616198
005620827
005622044
005622709
005629080
005636956
005639518
005648894
005683538
005685047
005686856
005689219
005689820
005697225
005723165
005723199
005724048
005773155
005773345
005774694
005780613
005785707
005786676
005790807
005790837
005792108
005793668
005802562
005809890
005822889
005865892
005866724
005869577
005870686
005877364
005892169
005892991
005936852
005939450
005939737
005943725
005950394
005950854
005955122
005961597
005963775
005985398
006032305
006034893
006035199
006037904
006039091
006046093
006047087
006049366
006049635
006064910
006072870
006106120
006106152
006106415
006116048
006119013
006123324
006129877
006145937
006181800
006188162
006200341
006221441
006222668
006225718
006225816
006228193
006231193
006232600
006232847
006269070
006278992
006279974
006286925
006287060
006287142
006290627
006306896
006307459
006308642
006313425
006314137
006347007
006359801
006363365
006365080
006365421
006370489
006371632
006385342
006390236
006421967
006426320
006430804
006442183
006442336
006448798
006448890
006450651
006503166
006505044
006508366
006520835
006529109
006530901
006531928
006587236
006592305
006593461
006593620
006603624
006604620
006605673
006607814
006611779
006612225
006671492
006679371
006688822
006689943
006693861
006697458
006751685
006761569
006763884
006764530
006766513
006784274
006787017
006802438
006806100
006837853
006848299
006853020
006863041
006868127
006871688
006871713
006923148
006929354
006932987
006933899
006936966
006937369
006947945
006961782
007007617
007007672
007013635
007013649
007019341
007038145
007103006
007104452
007104582
007106245
007107778
007133688
007174470
007174707
007176707
007190443
007191013
007191873
007199906
007200111
007201168
007201740
007206837
007215603
007216846
007217008
007218053
007264595
007265298
007273277
007282162
007282890
007296438
007341231
007353063
007373508
007375348
007375795
007376493
007383120
007386523
007429287
007430853
007448374
007450230
007455134
007456177
007462939
007465072
007470902
007523087
007529180
007530690
007534011
007539125
007544597
007548061
007548978
007552265
007583437
007584900
007591963
007592977
007595226
007596741
007598321
007605152
007611858
007619448
007620832
007622208
007628676
007667638
007668623
007673172
007680114
007697595
007700968
007733179
007739672
007743084
007747078
007749773
007760865
007760869
007771282
007777516
007798339
007799349
007799430
007800289
007811740
007832029
007833440
007870112
007871531
007880676
007880924
007887791
007904490
007910848
007914731
007916908
007938112
007940546
007970740
007976303
007985001
007985370
008006161
008006740
008012842
008013439
008016496
008016586
008017790
008018599
008019508
008026226
008027956
008029850
008038388
008042251
008045442
008085683
008087813
008106950
008110458
008114155
008127668
008150065
008168657
008172589
008174170
008174981
008176564
008178763
008179536
008179643
008179973
008216936
008228742
008240617
008241045
008241071
008241074
008241455
008249189
008289241
008298626
008321567
008323104
008327158
008351193
008355130
008360349
008367710
008377423
008379927
008391021
008394589
008408819
008408931
008414062
008416311
008420801
008424992
008432609
008435400
008444238
008456679
008491374
008493735
008493800
008499940
008516041
008524425
008547279
008561221
008574769
008579578
008605056
008607720
008608624
008609450
008621637
008645874
008649198
008656342
008677016
008688158
008689793
008694723
008695868
008696343
008702606
008703413
008712683
008717023
008737568
008738187
008738244
008738809
008739290
008743007
008750029
008751420
008760414
008771498
008773551
008776961
008802782
008817551
008827931
008838457
008868481
008892006
008899395
008908946
008915084
008936541
008937840
008938364
008940149
008940939
008941484
008950146
008952800
008956017
008956950
008981766
008984241
008984819
008985402
009003169
009005973
009025370
009026472
009026479
009026685
009049593
009051235
009071940
009073458
009073645
009073950
009076686
009093289
009098294
009116461
009119139
009138680
009139151
009139163
009143749
009150095
009154175
009158609
009161418
009162919
009163520
009163769
009201604
009202077
009203308
009204313
009206432
009222547
009225600
009226926
009246481
009264512
009264619
009265701
009266926
009273544
009285102
009286638
009287845
009289275
009292130
009328372
009335972
009339398
009347707
009351053
009353712
009353859
009364901
009390670
009391335
009394953
009395233
009402223
009410862
009414381
009414417
009426660
009446628
009451741
009455860
009457728
009458636
009468847
009509071
009512063
009520249
009527915
009542776
009574283
009579208
009604728
009640204
009641837
009658361
009658824
009658985
009664404
009664694
009693187
009696358
009697131
009700430
009702369
009702752
009715099
009718359
009730417
009754284
009757640
009762786
009765033
009768011
009778067
009787965
009788260
009791157
009812421
009812539
009812850
009812934
009821454
009821513
009821642
009826171
009880787
009881662
009893470
009897838
009898447
009903271
009908400
009933239
009945772
009955598
009962623
009963499
009965715
009995937
010002106
010002787
010002817
010003270
010005473
010006542
010006714
010010659
010014894
010015708
010016239
010017419
010018146
010018963
010019532
010019747
010023062
010023313
010024648
010025841
010026614
010026749
010031470
010033625
010034643
010057494
010057661
010065923
010066745
010068307
010068482
010068705
010070754
010074716
010079226
010079481
010081026
010083309
010087279
010087717
010088136
010089468
010093680
010094937
010095460
010096806
010097040
010118942
010120683
010122937
010123234
010127823
010129349
010130724
010130853
010130928
010134973
010135362
010141213
010146119
010147635
010148326
010149694
010153593
010155160
010155544
010159900
010160534
010160679
010162436
010162867
010163509
010164655
010185553
010186425
010186764
010187017
010187699
010188940
010189039
010190394
010190924
010191036
010198960
010199977
010200031
010202294
010206340
010214328
010214458
010215584
010230145
010230660
010231863
010258402
010258788
010258928
010259462
010272858
010272923
010273246
010274244
010280371
010285582
010286702
010289119
010290021
010294429
010295224
010297156
010317597
010318575
010319352
010322381
010323670
010324098
010329183
010331562
010339342
010340511
010342385
010345635
010350419
010351059
010352104
010353676
010355856
010361888
010362134
010363115
010385010
010385459
010385708
010386229
010387695
010387723
010389154
010389351
010394814
010397567
010398597
010399322
010402674
010411370
010412054
010417911
010422592
010425397
010426752
010448382
010448626
010450171
010452471
010453294
010454113
010459987
010460894
010460900
010462940
010464199
010473049
010473587
010477502
010480877
010480915
010482041
010482869
010484150
010486589
010487072
010487158
010487365
010487648
010491771
010492838
010514084
010514274
010514430
010514649
010516096
010517358
010518380
010518424
010518551
010522320
010527172
010532461
010536385
010536753
010547684
010549821
010552611
010556342
010557075
010577692
010577796
010582036
010583510
010585938
010586004
010586208
010586565
010587105
010590455
010592770
010593351
010599193
010602391
010602528
010603599
010604297
010610027
010611110
010616441
010617017
010617229
010618721
010619505
010644253
010644651
010647432
010647686
010649530
010651413
010651962
010652967
010655953
010656411
010659688
010663892
010670371
010670457
010676011
010677047
010677831
010681303
010685353
010687245
010687572
010687625
010709101
010709834
010712891
010713527
010717090
010727922
010728551
010730618
010731424
010732086
010732098
010742066
010748390
010750227
010752815
010753181
010776854
010778294
010783964
010785374
010789964
010794087
010794224
010794845
010801273
010802444
010809164
010810961
010813492
010843970
010850420
010853891
010857462
010857519
010858780
010858868
010861217
010861649
010861893
010864696
010866328
010866844
010873176
010879229
010881217
010904376
010907438
010908196
010908262
010909629
010916554
010918691
010920182
010920273
010922836
010923629
010924002
010934241
010934586
010934653
010937131
010937782
010938166
010959162
010959335
010959362
010963065
010967119
010969853
010971974
010972252
010972873
010974969
010976896
010977859
010978737
010988876
010990438
010990965
010991579
010992525
011017620
011017907
011017985
011021413
011025641
011026764
011026972
011027253
011027406
011027624
011028682
011029516
011029615
011034127
011070918
011073211
011073392
011074380
011075448
011075456
011080503
011081642
011081729
011082784
011083308
011090983
011093133
011098033
011098364
011122091
011124335
011127479
011128041
011128126
011129289
011133100
011135486
011135880
011137075
011138101
011151833
011151908
011179629
011179832
011180130
011180361
011182897
011186430
011188219
011189107
011189912
011193681
011228984
011229052
011233037
011233180
011233898
011234835
011236253
011240723
011244118
011244788
011245074
011250788
011253226
011253827
011255615
011259647
011283797
011284655
011285663
011287318
011288051
011288330
011294717
011295426
011296574
011299029
011299616
011307875
011308295
011336389
011337538
011341237
011342410
011342861
011347684
011351405
011351516
011356513
011357658
011362858
011389393
011389437
011390258
011390592
011390838
011394216
011395018
011395028
011401156
011401708
011401755
011401988
011402995
011403972
011403986
011408263
011409744
011413285
011414712
011444160
011445913
011445969
011445985
011446181
011446443
011448266
011453915
011454149
011456910
011460222
011460626
011461265
011465869
011465927
011467550
011494717
011496573
011497304
011498538
011502597
011506859
011506988
011507653
011512610
011516241
011518914
011519952
011521813
011547513
011548834
011550130
011550399
011551430
011554100
011554283
011554435
011558593
011560431
011560447
011563912
011564467
011565158
011569983
011599875
011601532
011601741
011606749
011610797
011611414
011615824
011616076
011618709
011620833
011622723
011623629
011623743
011624183
011652870
011653430
011654210
011654380
011655945
011656555
011658084
011658610
011661734
011662497
011667008
011671323
011674236
011674809
011704739
011708273
011709006
011709205
011713510
011713671
011713685
011717120
011718860
011721376
011722551
011723674
011723999
011751499
011752083
011752420
011753949
011754352
011757831
011758223
011758544
011760047
011760693
011763874
011769364
011771760
011772920
011802939
011802968
011803021
011803629
011807274
011808639
011809495
011809558
011817562
011856178
011861997
011862119
011873252
011907454
011911418
011919192
011958062
011962180
011968749
011971746
011973705
012009504
012010753
012011630
012018601
012020532
012052782
012055375
012057731
012058443
012069127
012069424
012069449
012069569
012107224
012117868
012156630
012156742
012156916
012253255
012253534
012254821
012258514
012265063
012304142
012307366
012314973
012317678
012354230
012365184
012366681
012402674
012507240
012508433
012600459
012735580
